"treeID"	"discID"	"height_m"	"areaHWLogyard_cm2"	"areaUBLogyard_cm2"	"incompleteAreaUBLogyard"	"airDryDensity_kgpm3"	"nbRings"	"nbRingsHW"	"ringWidth_mm"	"imageNameLogyard"	"pixelWidthLogyard_mm"	"pithX_pixel"	"pithY_pixel"
"A01"	"A01a"	0	1879.65113272907	2752.73130030666	0	573.967573376292	52	40	5.83245277355036	"TreeTrace_Douglas/logs_and_discs/color_images/discs/A01a.jpeg"	0.314828550667877	1443.667	2636.667
"A01"	"A01b"	4	1363.75595198963	2000.59434730291	0	548.246194743013	48	34.75	5.29939564546183	"TreeTrace_Douglas/logs_and_discs/color_images/discs/A01b.jpeg"	0.357464575260592	1289.333	1659
"A01"	"A01c"	8	1346.27316937865	1937.97532139883	0	523.989512271821	44	33.25	5.57709318825917	"TreeTrace_Douglas/logs_and_discs/color_images/discs/A01c.jpeg"	0.300674834598774	1687.667	2631
"A01"	"A01d"	12	1020.22791211246	1499.37393864541	0	500.659539509098	38	28	5.87311512680989	"TreeTrace_Douglas/logs_and_discs/color_images/discs/A01d.jpeg"	0.294609471576667	1379.333	1613.333
"A02"	"A02a"	0	1557.17275774982	2288.80101469443	0	479.639666300953	51	39	5.45083274710116	"TreeTrace_Douglas/logs_and_discs/color_images/discs/A02a.jpeg"	0.350643922499278	1492	1633.333
"A02"	"A02b"	4	1197.09210760101	1715.41353474757	0	471.026268099045	45	35	6.18353333333333	"TreeTrace_Douglas/logs_and_discs/color_images/discs/A02b.jpeg"	0.246469083903991	1156	1410
"A02"	"A02c"	8	1178.11177556494	1672.63709158409	0	451.878352637956	41	27.5	5.67771696944869	"TreeTrace_Douglas/logs_and_discs/color_images/discs/A02c.jpeg"	0.346462891052665	1559.333	2446.667
"A02"	"A02d"	12	966.914537982596	1400.61726696366	0	484.9435184961	37	23.75	5.94426806065059	"TreeTrace_Douglas/logs_and_discs/color_images/discs/A02d.jpeg"	0.267800713421101	1596	2599.667
"A03"	"A03a"	0	1525.60683191983	2852.27400810655	0	566.877269562591	52	43.5	5.99541608155259	"TreeTrace_Douglas/logs_and_discs/color_images/discs/A03a.jpeg"	0.280304253448864	1688.667	1475.333
"A03"	"A03b"	4	794.699890849545	1627.31516503846	0	566.135366473913	46	34.5	5.2110252450965	"TreeTrace_Douglas/logs_and_discs/color_images/discs/A03b.jpeg"	0.216820406789774	1457.333	2131.333
"A03"	"A03c"	8	665.151043511332	1447.21485627646	0	565.077637728996	42	30	5.15767984719672	"TreeTrace_Douglas/logs_and_discs/color_images/discs/A03c.jpeg"	0.207572235137828	1068.667	1792.667
"A03"	"A03d"	12	580.450513454233	1236.60726234662	0	566.598592917985	38	25.25	5.16330343927125	"TreeTrace_Douglas/logs_and_discs/color_images/discs/A03d.jpeg"	0.393019965414243	1861.333	1676
"A04"	"A04a"	0	1496.99751851907	2893.63210567754	0	503.826122774179	51	37	5.96021568627451	"TreeTrace_Douglas/logs_and_discs/color_images/discs/A04a.jpeg"	0.266049431984463	1358.333	2416.667
"A04"	"A04b"	4	1251.15567623282	2433.78899340596	0	473.94835225627	48	32.5	5.93602633641042	"TreeTrace_Douglas/logs_and_discs/color_images/discs/A04b.jpeg"	0.24562517009543	1310.333	1826
"A04"	"A04c"	8	1150.09459581975	2227.83298138323	0	470.882282548336	42	28.75	6.42524525148003	"TreeTrace_Douglas/logs_and_discs/color_images/discs/A04c.jpeg"	0.289321379345462	1301.333	1386.333
"A04"	"A04d"	12	889.132466008367	1823.17478350888	0	470.733064281428	38	24.75	6.60437213662881	"TreeTrace_Douglas/logs_and_discs/color_images/discs/A04d.jpeg"	0.195907876280258	1371.333	2335.667
"A05"	"A05a"	0	1005.43095521493	2051.47063131229	0	569.743737160604	52	35.5	5.07277693941493	"TreeTrace_Douglas/logs_and_discs/color_images/discs/A05a.jpeg"	0.197504023156952	1391.333	1642
"A05"	"A05b"	4	870.676446035804	1369.47654432745	0	518.565507715341	47	31.75	4.63266942361057	"TreeTrace_Douglas/logs_and_discs/color_images/discs/A05b.jpeg"	0.25065998774774	1238.667	1515.667
"A05"	"A05c"	8	727.347897972412	1144.39523959402	0	491.571793189092	43	30	4.67866202623494	"TreeTrace_Douglas/logs_and_discs/color_images/discs/A05c.jpeg"	0.161875161875162	1356.667	2173.333
"A05"	"A05d"	12	680.094861934501	1133.06903127368	0	477.888673721862	39	28	4.76279105450392	"TreeTrace_Douglas/logs_and_discs/color_images/discs/A05d.jpeg"	0.161227079958313	1405.667	1509.333
"A06"	"A06a"	0	1322.55620470712	2477.89460409257	0	621.792949381348	53	39.75	5.56605129727321	"TreeTrace_Douglas/logs_and_discs/color_images/discs/A06a.jpeg"	0.248490914675178	1640.333	1506
"A06"	"A06b"	4	911.69950101575	1804.81351173948	0	567.095155654136	49	29.25	5.14135592116928	"TreeTrace_Douglas/logs_and_discs/color_images/discs/A06b.jpeg"	0.210706059147719	1737.333	2027
"A06"	"A06c"	8	806.244025507307	1633.1846375974	0	532.82956353814	43	24.75	5.57565193234476	"TreeTrace_Douglas/logs_and_discs/color_images/discs/A06c.jpeg"	0.181546060777264	1318.667	1930.333
"A06"	"A06d"	12	661.972642101844	1393.2956483616	0	572.653776346844	40	22.5	5.90195931407475	"TreeTrace_Douglas/logs_and_discs/color_images/discs/A06d.jpeg"	0.202250481558397	1327.333	2584.333
"A07"	"A07a"	0	1345.09830694301	2559.81401920534	1	600.637390269471	51	38	6.49696684098307	"TreeTrace_Douglas/logs_and_discs/color_images/discs/A07a.jpeg"	0.214354920302841	1170	2539.667
"A07"	"A07b"	4	1080.25269086814	2243.38094753127	0	578.790876103702	41	25.5	6.60721902490073	"TreeTrace_Douglas/logs_and_discs/color_images/discs/A07b.jpeg"	0.217331018613098	1318.667	1739.667
"A07"	"A07c"	8	887.292849089664	1884.56386509805	1	538.17071086652	37	22.25	6.73502706668158	"TreeTrace_Douglas/logs_and_discs/color_images/discs/A07c.jpeg"	0.195761221424735	1098.667	1752.333
"A07"	"A07d"	12	667.262745756361	1571.6000026039	0	533.714647363624	33	18	6.84751007642822	"TreeTrace_Douglas/logs_and_discs/color_images/discs/A07d.jpeg"	0.208573018493752	1492.667	1671
"A08"	"A08a"	0	1211.15634317971	2565.300248487	0	533.04780635332	52	37.75	5.82368022719234	"TreeTrace_Douglas/logs_and_discs/color_images/discs/A08a.jpeg"	0.227267768703228	1429.333	1763.667
"A08"	"A08b"	4	798.615672496048	1687.676066694	0	534.76437564756	46	30.75	5.19702507077344	"TreeTrace_Douglas/logs_and_discs/color_images/discs/A08b.jpeg"	0.185491314554687	1513.333	2150.333
"A08"	"A08c"	8	775.602549555342	1592.42759615059	0	538.763854381929	42	29.5	5.34413979912596	"TreeTrace_Douglas/logs_and_discs/color_images/discs/A08c.jpeg"	0.15357746416577	1512	2186.333
"A08"	"A08d"	12	660.088449920883	1292.60910260071	0	521.295838893282	38	25.25	5.48499753631102	"TreeTrace_Douglas/logs_and_discs/color_images/discs/A08d.jpeg"	0.186116733904439	1169.333	1529.333
"A09"	"A09a"	0	1713.76320173616	3388.15961795001	0	512.466453310421	52	39	6.49194702853052	"TreeTrace_Douglas/logs_and_discs/color_images/discs/A09a.jpeg"	0.232897845415452	1380.333	2795
"A09"	"A09b"	4	1249.23068982822	2238.76404825361	0	476.403460685079	47	34.25	5.81130492067442	"TreeTrace_Douglas/logs_and_discs/color_images/discs/A09b.jpeg"	0.230930029124895	1692.333	1927
"A09"	"A09c"	8	1014.61280003271	1805.88988267182	0	463.852952946022	43	30	5.88582685721653	"TreeTrace_Douglas/logs_and_discs/color_images/discs/A09c.jpeg"	0.198642082722509	1347	2204.333
"A09"	"A09d"	12	876.285074689569	1480.81760862004	1	464.041263292678	39	26.5	5.90495528652396	"TreeTrace_Douglas/logs_and_discs/color_images/discs/A09d.jpeg"	0.159824270018629	1233.667	1926.333
"A10"	"A10a"	0	1520.04414033641	2258.13780249719	0	539.000393625151	52	39.25	5.72508699785808	"TreeTrace_Douglas/logs_and_discs/color_images/discs/A10a.jpeg"	0.225220761390315	1278.333	1981.667
"A10"	"A10b"	4	1283.92334297788	1612.94553645345	0	509.074940329785	48	40.75	5.09662205038158	"TreeTrace_Douglas/logs_and_discs/color_images/discs/A10b.jpeg"	0.160904877541734	1428.333	2034.333
"A10"	"A10c"	8	1062.24128950755	1229.93170421069	1	490.869655607371	44	35	5.35132840758744	"TreeTrace_Douglas/logs_and_discs/color_images/discs/A10c.jpeg"	0.137784697631481	1950.667	2805
"A10"	"A10d"	12	1079.57113791379	1452.33848500567	0	475.038582082011	40	30	5.44145027905015	"TreeTrace_Douglas/logs_and_discs/color_images/discs/A10d.jpeg"	0.19886060825892	1361.667	2420.333
"A11"	"A11a"	0	1301.73054597289	2447.82677871063	1	644.520036103826	52	35.5	5.78035477154718	"TreeTrace_Douglas/logs_and_discs/color_images/discs/A11a.jpeg"	0.180702165245625	1333.667	2486.333
"A11"	"A11b"	4	1005.51468241384	1922.93351780246	0	676.220120016836	47	28.25	5.54215891090559	"TreeTrace_Douglas/logs_and_discs/color_images/discs/A11b.jpeg"	0.193915249727937	1188.667	1932.333
"A11"	"A11c"	8	845.739294289474	1627.43641512057	0	616.591225519528	43	24.25	5.19652875594965	"TreeTrace_Douglas/logs_and_discs/color_images/discs/A11c.jpeg"	0.159666463145148	1375.333	1905
"A11"	"A11d"	12	748.533617901326	1409.37190472322	1	648.761125925599	38	20.25	5.57031634403386	"TreeTrace_Douglas/logs_and_discs/color_images/discs/A11d.jpeg"	0.161327141597639	1103.667	1687.667
"A12"	"A12a"	0	1343.67795877686	2708.85214163196	0	573.339629870638	52	36.25	5.9562508033025	"TreeTrace_Douglas/logs_and_discs/color_images/discs/A12a.jpeg"	0.207306819067584	1529	1944.333
"A12"	"A12b"	4	987.040140633271	1700.32684886914	0	541.740579360894	46	29.25	5.53239900983408	"TreeTrace_Douglas/logs_and_discs/color_images/discs/A12b.jpeg"	0.181464095876918	1381.667	1947
"A12"	"A12c"	8	985.134989208597	1712.64465384972	0	521.027847334097	41	26	6.03057667313493	"TreeTrace_Douglas/logs_and_discs/color_images/discs/A12c.jpeg"	0.195335543489896	1275	1993
"A12"	"A12d"	12	657.755670252379	1239.77979750181	0	513.883346248286	37	22.25	5.87924031969005	"TreeTrace_Douglas/logs_and_discs/color_images/discs/A12d.jpeg"	0.169810192958718	1519.333	2179
"A13"	"A13a"	0	1116.06128186315	1938.4829793471	0	582.097913509041	52	40.25	5.44154608592893	"TreeTrace_Douglas/logs_and_discs/color_images/discs/A13a.jpeg"	0.202895069162871	1653.333	2090.333
"A13"	"A13b"	4	700.288887497523	1527.32242994594	0	545.751082934969	45	31.5	5.20832202671365	"TreeTrace_Douglas/logs_and_discs/color_images/discs/A13b.jpeg"	0.164941923948578	1436	1973.667
"A13"	"A13c"	8	665.408188262255	1461.42373192527	0	523.187336750352	42	28.25	5.2988651982584	"TreeTrace_Douglas/logs_and_discs/color_images/discs/A13c.jpeg"	0.17629532993671	1306	1792
"A13"	"A13d"	12	582.55275162829	1339.23882047329	0	514.471470323828	37	24.25	5.54000477480458	"TreeTrace_Douglas/logs_and_discs/color_images/discs/A13d.jpeg"	0.183545242433898	1538.667	2791.667
"B01"	"B01a"	0	2136.74897239406	2982.82287169475	0	566.582267340472	51	41.25	6.34285379292081	"TreeTrace_Douglas/logs_and_discs/color_images/discs/B01a.jpeg"	0.29085866130556	1186	1774.667
"B01"	"B01b"	4	1315.34570101265	1913.51893924686	0	574.733559218415	46	36.25	5.70201909085099	"TreeTrace_Douglas/logs_and_discs/color_images/discs/B01b.jpeg"	0.207880500310158	1119.333	1998.667
"B01"	"B01c"	8	1312.71341606585	2045.7942132025	0	557.676352327385	41	29	5.81394197635579	"TreeTrace_Douglas/logs_and_discs/color_images/discs/B01c.jpeg"	0.216653364150108	1320	2446.333
"B01"	"B01d"	12	759.387687092045	1150.08104266551	0	540.442132730733	37	19.25	5.67452577064524	"TreeTrace_Douglas/logs_and_discs/color_images/discs/B01d.jpeg"	0.164717400943897	1613.667	1495.333
"B02"	"B02a"	0	1926.82991190193	2825.76391548098	0	612.047839451222	54	41.25	5.59727106373776	"TreeTrace_Douglas/logs_and_discs/color_images/discs/B02a.jpeg"	0.269244231442341	1375.333	2623.667
"B02"	"B02b"	4	1113.93969668905	1783.18807386102	0	595.030865012641	46	30.75	5.40430738085621	"TreeTrace_Douglas/logs_and_discs/color_images/discs/B02b.jpeg"	0.19534699095309	1339	1929
"B02"	"B02c"	8	895.74352192521	1475.29124569133	0	559.198973510009	42	29	5.31540943019186	"TreeTrace_Douglas/logs_and_discs/color_images/discs/B02c.jpeg"	0.242178130733567	1418.333	1755.667
"B02"	"B02d"	12	827.854810882259	1427.37838662404	0	599.575297627145	38	22.5	5.64609127677535	"TreeTrace_Douglas/logs_and_discs/color_images/discs/B02d.jpeg"	0.230802963510051	1241.667	2742
"B03"	"B03a"	0	1248.04004840853	2578.34940762512	0	617.003025131684	54	35.25	5.73376550177888	"TreeTrace_Douglas/logs_and_discs/color_images/discs/B03a.jpeg"	0.283186642652439	1460.333	1984.333
"B03"	"B03b"	4	879.871404946833	1653.71334702601	0	574.44647181996	47	29.5	5.15125631874257	"TreeTrace_Douglas/logs_and_discs/color_images/discs/B03b.jpeg"	0.226898345003472	1468.333	2246.333
"B03"	"B03c"	8	819.255196910149	1454.83364459452	0	559.404421891844	43	27.5	5.19737802405264	"TreeTrace_Douglas/logs_and_discs/color_images/discs/B03c.jpeg"	0.196002182680306	1360.333	2091.667
"B03"	"B03d"	12	728.93210266499	1318.34914321114	0	566.396016813836	37	22.5	5.72074210752192	"TreeTrace_Douglas/logs_and_discs/color_images/discs/B03d.jpeg"	0.242618808004092	1388.333	2043
"B04"	"B04a"	0	1609.45453275956	2143.79632179431	0	660.813161169059	52	40	5.53801854591882	"TreeTrace_Douglas/logs_and_discs/color_images/discs/B04a.jpeg"	0.250397882234871	1545.667	1790
"B04"	"B04b"	4	953.60206637062	1405.54457007705	0	619.347405667213	45	28	4.79617189259657	"TreeTrace_Douglas/logs_and_discs/color_images/discs/B04b.jpeg"	0.18028555790087	1236.333	2238.667
"B04"	"B04c"	8	716.228507705575	1178.40545850212	0	551.085320350639	41	22.25	4.9158804164098	"TreeTrace_Douglas/logs_and_discs/color_images/discs/B04c.jpeg"	0.148053043259915	1319.333	2322.667
"B04"	"B04d"	12	625.32705376431	1124.71940562214	0	547.761332249754	36	19.75	5.24914848218276	"TreeTrace_Douglas/logs_and_discs/color_images/discs/B04d.jpeg"	0.160827864649842	1309.667	2788.667
"B05"	"B05a"	0	1266.95148212393	2336.11708857265	0	601.175391222634	53	40	5.48740300778491	"TreeTrace_Douglas/logs_and_discs/color_images/discs/B05a.jpeg"	0.217340654525728	1250.333	1970.333
"B05"	"B05b"	4	822.964876291275	1472.84810471547	1	607.668694364789	48	33.25	5.02306924593063	"TreeTrace_Douglas/logs_and_discs/color_images/discs/B05b.jpeg"	0.189216763697023	965.667	2352
"B05"	"B05c"	8	913.794395115635	1606.01697508931	0	582.97864720825	42	27.75	5.52454816897924	"TreeTrace_Douglas/logs_and_discs/color_images/discs/B05c.jpeg"	0.219706243963571	1545.333	1433
"B05"	"B05d"	12	791.600424595098	1446.11177134803	0	549.966472497657	37	23.75	5.68384749925732	"TreeTrace_Douglas/logs_and_discs/color_images/discs/B05d.jpeg"	0.216018553401515	1462.333	2738.333
"B06"	"B06a"	0	921.646898099484	1825.56113335838	0	616.191103210565	54	35.75	5.0382605189531	"TreeTrace_Douglas/logs_and_discs/color_images/discs/B06a.jpeg"	0.204290759683791	1323	2227.667
"B06"	"B06b"	4	589.736480415703	1172.81811079301	0	609.807790458129	47	29.75	4.35345865229146	"TreeTrace_Douglas/logs_and_discs/color_images/discs/B06b.jpeg"	0.16486480426591	1630.333	2481
"B06"	"B06c"	8	605.197666224144	1154.26060713471	1	588.430526519018	43	26.75	4.49618984965524	"TreeTrace_Douglas/logs_and_discs/color_images/discs/B06c.jpeg"	0.162314263787947	1144	1773
"B06"	"B06d"	12	424.25738176853	797.201475276869	0	590.527976946523	38	22.75	4.59641022304785	"TreeTrace_Douglas/logs_and_discs/color_images/discs/B06d.jpeg"	0.169785282740036	1276.667	1962.333
"B07"	"B07a"	0	943.445832067217	1567.35224371462	0	604.822635468839	54	37.5	4.86298878759786	"TreeTrace_Douglas/logs_and_discs/color_images/discs/B07a.jpeg"	0.223352485064419	1136	2108.333
"B07"	"B07b"	4	484.236599929993	941.94269501158	0	576.534853696277	46	27.25	3.99425240175639	"TreeTrace_Douglas/logs_and_discs/color_images/discs/B07b.jpeg"	0.222117382817532	1256	2021.667
"B07"	"B07c"	8	515.010614251192	902.061427267895	0	560.751673394698	41	23	4.23154799074492	"TreeTrace_Douglas/logs_and_discs/color_images/discs/B07c.jpeg"	0.170809246382773	1310	1722.667
"B07"	"B07d"	12	351.885262080742	652.473330917222	1	548.620775679843	36	19.25	4.30201838942999	"TreeTrace_Douglas/logs_and_discs/color_images/discs/B07d.jpeg"	0.124107850715134	1209.333	2245
"B08"	"B08a"	0	1509.17274305001	2268.26570210059	0	538.757268964412	53	39	5.37062651264314	"TreeTrace_Douglas/logs_and_discs/color_images/discs/B08a.jpeg"	0.239319413878037	1473.333	1983
"B08"	"B08b"	4	1142.30083041381	1512.3951575948	0	509.390067061555	46	36.5	5.06917171952408	"TreeTrace_Douglas/logs_and_discs/color_images/discs/B08b.jpeg"	0.163861145376297	1371.333	2281
"B08"	"B08c"	8	1162.82116937014	1372.47829600857	1	508.508909180937	42	34.75	5.16590472844854	"TreeTrace_Douglas/logs_and_discs/color_images/discs/B08c.jpeg"	0.163585265547962	1186	2179.667
"B08"	"B08d"	12	823.800363258046	1064.03758986293	0	486.444729756683	38	29	5.33193847676564	"TreeTrace_Douglas/logs_and_discs/color_images/discs/B08d.jpeg"	0.154897550759927	1403.333	2064.333
"B09"	"B09a"	0	1450.33232632247	2162.01046658171	0	559.947312894292	53	38.75	5.60714257741057	"TreeTrace_Douglas/logs_and_discs/color_images/discs/B09a.jpeg"	0.196566069394113	1264.667	1911
"B09"	"B09b"	4	944.829406788072	1488.70441734533	0	573.711941318205	45	28.75	5.27042231481911	"TreeTrace_Douglas/logs_and_discs/color_images/discs/B09b.jpeg"	0.201063707437829	1666.667	2063.667
"B09"	"B09c"	8	797.787937624882	1341.4061722551	0	538.579605706952	40	25	5.27381405646687	"TreeTrace_Douglas/logs_and_discs/color_images/discs/B09c.jpeg"	0.180946611340431	1132.667	2099
"B09"	"B09d"	12	631.803260235312	1157.57855602414	0	556.129407053892	36	21	5.43495724523415	"TreeTrace_Douglas/logs_and_discs/color_images/discs/B09d.jpeg"	0.172768743508214	1331.333	2065
"B10"	"B10a"	0	991.669887337614	1902.13849739219	1	645.949378164159	53	36.5	4.8974941518249	"TreeTrace_Douglas/logs_and_discs/color_images/discs/B10a.jpeg"	0.203089395890283	1128	2001
"B10"	"B10b"	4	560.588610170305	1061.84958003163	0	584.780346691369	45	27.25	4.40754403511542	"TreeTrace_Douglas/logs_and_discs/color_images/discs/B10b.jpeg"	0.167958378570123	1546	2052.333
"B10"	"B10c"	8	483.151440020641	928.676018044006	0	566.198163734508	40	23.5	4.67022715336872	"TreeTrace_Douglas/logs_and_discs/color_images/discs/B10c.jpeg"	0.148192408280755	1472	2235
"B10"	"B10d"	12	447.812177892802	781.482815064101	0	562.948562907485	35	19.5	4.87925193584728	"TreeTrace_Douglas/logs_and_discs/color_images/discs/B10d.jpeg"	0.116018163803725	1436.667	2603.333
"B11"	"B11a"	0	1487.14410807331	2123.98853013029	1	591.218708778896	51	37	5.58042085156871	"TreeTrace_Douglas/logs_and_discs/color_images/discs/B11a.jpeg"	0.214956131752632	1115.333	2204
"B11"	"B11b"	4	991.771688846265	1440.172465641	0	580.59292118854	44	31.75	5.3977421937234	"TreeTrace_Douglas/logs_and_discs/color_images/discs/B11b.jpeg"	0.19815918047704	1266	2267.333
"B11"	"B11c"	8	893.33809386204	1307.26981637234	0	535.039209287468	40	28.75	5.50997863651428	"TreeTrace_Douglas/logs_and_discs/color_images/discs/B11c.jpeg"	0.204557542036575	1126.333	1707.667
"B11"	"B11d"	12	636.040162554484	1065.72053644773	0	508.537708250351	35	22.5	5.76146301101959	"TreeTrace_Douglas/logs_and_discs/color_images/discs/B11d.jpeg"	0.180749328877742	1540.333	2041.667
"B12"	"B12a"	0	1183.84639522973	1998.72704738493	0	602.426547391649	53	39.75	5.34300517867595	"TreeTrace_Douglas/logs_and_discs/color_images/discs/B12a.jpeg"	0.207155310136358	1252.333	2193.667
"B12"	"B12b"	4	749.942585082041	1310.54062725218	0	566.157057083574	48	32	4.57788844148757	"TreeTrace_Douglas/logs_and_discs/color_images/discs/B12b.jpeg"	0.168682990681952	1223.667	2141
"B12"	"B12c"	8	703.151497338431	1260.55532376855	0	616.272181361111	44	27.5	4.68418423930277	"TreeTrace_Douglas/logs_and_discs/color_images/discs/B12c.jpeg"	0.181381941758984	1516.333	2122.333
"B12"	"B12d"	12	507.100137363175	955.34766270239	0	559.960852984133	39	23.5	4.76375911381729	"TreeTrace_Douglas/logs_and_discs/color_images/discs/B12d.jpeg"	0.155030395259295	1807.667	2361.667
"B13"	"B13a"	0	946.381014167019	1696.94665681833	0	670.711053392262	52	34	5.08526324466147	"TreeTrace_Douglas/logs_and_discs/color_images/discs/B13a.jpeg"	0.242430824788455	1047.333	1916.667
"B13"	"B13b"	4	535.502352365184	1099.66052794226	0	588.646287508272	46	26	4.28645287988446	"TreeTrace_Douglas/logs_and_discs/color_images/discs/B13b.jpeg"	0.17535270442969	1218.667	2013.333
"B13"	"B13c"	8	486.532355948555	937.741076660248	0	550.057548147033	41	22.5	4.58729114692714	"TreeTrace_Douglas/logs_and_discs/color_images/discs/B13c.jpeg"	0.170927665463108	1164.667	2038.667
"B13"	"B13d"	12	369.860853268393	781.058955422911	0	539.936832617117	36	18.25	4.54056980719347	"TreeTrace_Douglas/logs_and_discs/color_images/discs/B13d.jpeg"	0.146740741392922	1652	1908.667
"C01"	"C01a"	0	2384.33825954267	3933.18442742532	0	599.547508924506	53	35.5	7.22529876647146	"TreeTrace_Douglas/logs_and_discs/color_images/discs/C01a.jpeg"	0.315362704954222	1324	2205
"C01"	"C01b"	4	1563.23868520642	2827.28014226876	0	589.475087572471	48	29.25	6.57290190956809	"TreeTrace_Douglas/logs_and_discs/color_images/discs/C01b.jpeg"	0.245679480653232	1335	1752
"C01"	"C01c"	8	1403.00209470728	2487.03407765848	0	562.048585727814	43	26	6.91167008980954	"TreeTrace_Douglas/logs_and_discs/color_images/discs/C01c.jpeg"	0.20765602858676	1380	1898
"C01"	"C01d"	12	1094.26896258866	2051.55483777753	0	526.192445560563	38	23	6.99712199421089	"TreeTrace_Douglas/logs_and_discs/color_images/discs/C01d.jpeg"	0.253969027969101	1367	2079
"C02"	"C02a"	0	1703.0980650957	2763.59522946694	0	638.042743887687	51	33.75	5.99530418834156	"TreeTrace_Douglas/logs_and_discs/color_images/discs/C02a.jpeg"	0.240583559481879	1355	1671
"C02"	"C02b"	4	1243.48642998766	2017.44860313804	0	588.620938350328	47	31	5.73749458981668	"TreeTrace_Douglas/logs_and_discs/color_images/discs/C02b.jpeg"	0.215361661144794	1374	2268
"C02"	"C02c"	8	1295.62197177184	1911.79517099484	0	587.849131088886	44	29	5.85385492762573	"TreeTrace_Douglas/logs_and_discs/color_images/discs/C02c.jpeg"	0.176295796138593	1389	1828
"C02"	"C02d"	12	975.971446927377	1527.26789332132	0	572.313820967594	39	24.5	5.81693323802961	"TreeTrace_Douglas/logs_and_discs/color_images/discs/C02d.jpeg"	0.221358628426521	1249	2326
"C03"	"C03a"	0	2086.80219951092	2984.23624896456	0	560.390203742949	52	40.5	6.23739389174223	"TreeTrace_Douglas/logs_and_discs/color_images/discs/C03a.jpeg"	0.265550081683205	1241	1920
"C03"	"C03b"	4	1218.94714939747	1804.64973709962	0	513.138069497903	45	32.5	5.67021120388532	"TreeTrace_Douglas/logs_and_discs/color_images/discs/C03b.jpeg"	0.253127645183892	1189	1727
"C03"	"C03c"	8	1121.27552212244	1680.34946026943	0	520.313815365605	42	31	5.686272532891	"TreeTrace_Douglas/logs_and_discs/color_images/discs/C03c.jpeg"	0.185758559940201	1253	1772
"C03"	"C03d"	12	1038.66864527497	1413.36000146156	0	504.259135754403	38	26.75	5.79994424157098	"TreeTrace_Douglas/logs_and_discs/color_images/discs/C03d.jpeg"	0.195686597738019	1008	2813
"C04"	"C04a"	0	1833.22023709326	3036.47769376036	0	586.846126783724	51	33.75	6.63106651905431	"TreeTrace_Douglas/logs_and_discs/color_images/discs/C04a.jpeg"	0.238724789468608	1583	1840
"C04"	"C04b"	4	1244.82196599278	2105.0572745296	0	564.329375590084	46	27.5	5.50944029230515	"TreeTrace_Douglas/logs_and_discs/color_images/discs/C04b.jpeg"	0.205471008040765	1581	1481
"C04"	"C04c"	8	1100.13280870469	1813.13947983923	0	550.365932045044	42	22.5	5.78258422547291	"TreeTrace_Douglas/logs_and_discs/color_images/discs/C04c.jpeg"	0.167791090695783	1435	2256
"C04"	"C04d"	12	731.133296641067	1317.46158289443	0	539.743818551021	39	22.75	5.56773593736965	"TreeTrace_Douglas/logs_and_discs/color_images/discs/C04d.jpeg"	0.16812724407839	1457	1585
"C05"	"C05a"	0	1484.82933607074	2466.05003691217	0	628.747619017676	50	37.75	6.13905719395902	"TreeTrace_Douglas/logs_and_discs/color_images/discs/C05a.jpeg"	0.20148648670431	1635	2360
"C05"	"C05b"	4	1134.91290900559	1613.51220736475	0	652.625692748806	46	32.6666666666667	5.54980302046884	"TreeTrace_Douglas/logs_and_discs/color_images/discs/C05b.jpeg"	0.171397582745611	1885	2342
"C05"	"C05c"	8	1041.96218839525	1693.61710569397	0	618.566911305643	43	30	5.49431279867325	"TreeTrace_Douglas/logs_and_discs/color_images/discs/C05c.jpeg"	0.237559484895018	1426	1677
"C05"	"C05d"	12	680.015848488937	1204.31936300746	0	610.953075983472	38	24.75	5.5250392890081	"TreeTrace_Douglas/logs_and_discs/color_images/discs/C05d.jpeg"	0.147938973398206	1473	2266
"C06"	"C06a"	0	2058.55554284875	3342.68428063009	0	549.585225893688	53	35	7.34839950463314	"TreeTrace_Douglas/logs_and_discs/color_images/discs/C06a.jpeg"	0.233683079008249	1071	2511
"C06"	"C06b"	4	1474.27285757078	2283.88203172443	0	529.970461840626	47	31.5	6.19224596196978	"TreeTrace_Douglas/logs_and_discs/color_images/discs/C06b.jpeg"	0.210217760373616	1188	2209
"C06"	"C06c"	8	1212.9527939594	1966.87387359594	0	503.3890786044	43	28	6.27824875588558	"TreeTrace_Douglas/logs_and_discs/color_images/discs/C06c.jpeg"	0.234186991755681	1241	2247
"C06"	"C06d"	12	1010.78462271338	1775.81572922551	0	492.849199758854	39	25.5	6.22624898096321	"TreeTrace_Douglas/logs_and_discs/color_images/discs/C06d.jpeg"	0.213587770476873	1237	1873
"C07"	"C07a"	0	1200.39548932981	2142.17803268444	0	649.054249883647	52	39.5	6.0791644434138	"TreeTrace_Douglas/logs_and_discs/color_images/discs/C07a.jpeg"	0.231777212035356	1396	1977
"C07"	"C07b"	4	710.468810649859	1271.52024888881	0	680.843333499181	48	33.5	4.51108156457739	"TreeTrace_Douglas/logs_and_discs/color_images/discs/C07b.jpeg"	0.208867511995261	1433	2330
"C07"	"C07c"	8	620.403841071474	1127.96410403533	0	654.03964122291	44	30.25	4.5694711720957	"TreeTrace_Douglas/logs_and_discs/color_images/discs/C07c.jpeg"	0.157601332929033	1442	2372
"C07"	"C07d"	12	550.738478157005	1009.52146151113	0	675.959319259066	39	29	4.83166666666667	"TreeTrace_Douglas/logs_and_discs/color_images/discs/C07d.jpeg"	0.189171662690278	1316	2557
"C08"	"C08a"	0	1896.69509509335	3260.19468923399	0	591.049164721238	52	33	5.92807966933756	"TreeTrace_Douglas/logs_and_discs/color_images/discs/C08a.jpeg"	0.293322570350485	1357	2577
"C08"	"C08b"	4	1198.84078776394	2054.31078895791	1	585.544072708386	46	29.25	5.99247897366054	"TreeTrace_Douglas/logs_and_discs/color_images/discs/C08b.jpeg"	0.178634461016959	1280	2141
"C08"	"C08c"	8	886.676995396521	1631.25442931761	0	560.086561515949	43	26.5	5.80805346969314	"TreeTrace_Douglas/logs_and_discs/color_images/discs/C08c.jpeg"	0.221107252052539	1210	2327
"C08"	"C08d"	12	881.214547130317	1634.46238040984	0	543.324859147397	38	23.5	5.95574571619859	"TreeTrace_Douglas/logs_and_discs/color_images/discs/C08d.jpeg"	0.268459258622911	1215	2464
"C09"	"C09a"	0	1778.7889835744	3102.18210477459	0	579.879245803537	51	39.25	6.74692533343309	"TreeTrace_Douglas/logs_and_discs/color_images/discs/C09a.jpeg"	0.23809750569053	1478	2598
"C09"	"C09b"	4	1114.70835720366	1940.11460462499	0	556.539425143854	46	32.75	5.60300997319192	"TreeTrace_Douglas/logs_and_discs/color_images/discs/C09b.jpeg"	0.200250072290276	1439	1863
"C09"	"C09c"	8	920.313938986637	1665.40358238815	0	550.542975683693	42	27.3333333333333	5.86243157294547	"TreeTrace_Douglas/logs_and_discs/color_images/discs/C09c.jpeg"	0.213710649458115	997	1642
"C09"	"C09d"	12	884.792330121811	1613.86053833861	1	530.529177217538	38	23.75	6.18124591254357	"TreeTrace_Douglas/logs_and_discs/color_images/discs/C09d.jpeg"	0.162759568960578	1107	2365
"C10"	"C10a"	0	1104.28725933771	2230.80394302588	1	631.009947583878	51	36.25	5.79702606693988	"TreeTrace_Douglas/logs_and_discs/color_images/discs/C10a.jpeg"	0.196486198023506	1167	1899
"C10"	"C10b"	4	848.334562880719	1720.16991315713	1	630.625453917215	45	26.75	5.62033445289776	"TreeTrace_Douglas/logs_and_discs/color_images/discs/C10b.jpeg"	0.177256439017404	1088	1904
"C10"	"C10c"	8	598.623092099341	1348.98331486154	0	582.580366012055	41	24	5.52656563336409	"TreeTrace_Douglas/logs_and_discs/color_images/discs/C10c.jpeg"	0.16027675307507	1569	1772
"C10"	"C10d"	12	574.459243591004	1419.40629022998	0	571.926085595144	38	22	5.45948152410132	"TreeTrace_Douglas/logs_and_discs/color_images/discs/C10d.jpeg"	0.310055599170043	1808	2328
"C11"	"C11a"	0	1919.48970770791	3435.46200171989	0	580.157475880055	52	38.75	6.52938631172971	"TreeTrace_Douglas/logs_and_discs/color_images/discs/C11a.jpeg"	0.359339318728586	1291	2113
"C11"	"C11b"	4	1217.82961551773	2055.98372446242	0	572.327846255329	47	33.5	5.63841068524234	"TreeTrace_Douglas/logs_and_discs/color_images/discs/C11b.jpeg"	0.252740975883456	999	1750
"C11"	"C11c"	8	1051.66857826309	1829.48375555841	0	539.90245302773	43	29.75	5.73241318808202	"TreeTrace_Douglas/logs_and_discs/color_images/discs/C11c.jpeg"	0.246355903475786	1481	1869
"C11"	"C11d"	12	854.461617292605	1518.66130392125	0	519.294500154744	40	26.75	5.80271238769093	"TreeTrace_Douglas/logs_and_discs/color_images/discs/C11d.jpeg"	0.171719926174169	1355	2255
"C12"	"C12a"	0	1438.89318419856	2637.25750234246	0	571.414042051097	52	33.75	5.74717327169017	"TreeTrace_Douglas/logs_and_discs/color_images/discs/C12a.jpeg"	0.253105605782957	1202	2478
"C12"	"C12b"	4	863.50557744349	1714.73322969773	0	609.823605801138	47	27.25	5.06122358946074	"TreeTrace_Douglas/logs_and_discs/color_images/discs/C12b.jpeg"	0.205202962145799	1437	2009
"C12"	"C12c"	8	700.955688877286	1503.72865742913	0	571.642608359732	43	21.75	5.24795493099264	"TreeTrace_Douglas/logs_and_discs/color_images/discs/C12c.jpeg"	0.209731367675027	1474	2040
"C12"	"C12d"	12	671.876507220855	1338.30914542838	0	622.60344084938	39	23	5.65637310543801	"TreeTrace_Douglas/logs_and_discs/color_images/discs/C12d.jpeg"	0.190977460840072	1319	2277
"C13"	"C13a"	0	731.834627215023	1240.42605499027	0	537.845980195322	53	32.25	4.17722922779418	"TreeTrace_Douglas/logs_and_discs/color_images/discs/C13a.jpeg"	0.148465137713292	1456	1957
"C13"	"C13b"	4	535.902249567778	902.467412294818	0	566.950527780443	46	26	3.84790373438605	"TreeTrace_Douglas/logs_and_discs/color_images/discs/C13b.jpeg"	0.144637004509782	1214	1601
"C13"	"C13c"	8	481.013402527462	837.383914738658	0	558.785951612192	42	24.5	3.91575028444201	"TreeTrace_Douglas/logs_and_discs/color_images/discs/C13c.jpeg"	0.156699728219991	1394	2228
"C13"	"C13d"	12	334.769228813816	621.844545365145	0	545.963606015808	39	23.25	3.8899977928109	"TreeTrace_Douglas/logs_and_discs/color_images/discs/C13d.jpeg"	0.126892731990368	1271	2165
"D01"	"D01a"	0	2643.3743972211	4449.03637470143	0	462.278258684937	61	45.5	6.40654131401937	"TreeTrace_Douglas/logs_and_discs/color_images/discs/D01a.jpeg"	0.27348946299797	1463	2642
"D01"	"D01b"	4	1314.01432801333	2114.02713323031	0	487.352659599336	51	35.25	5.31534218634685	"TreeTrace_Douglas/logs_and_discs/color_images/discs/D01b.jpeg"	0.313367636643958	1262.231	2506.492
"D01"	"D01c"	8	1220.11123998345	1908.71889580223	0	544.515744271757	46	32.75	5.77729399115464	"TreeTrace_Douglas/logs_and_discs/color_images/discs/D01c.jpeg"	0.215947274313504	1277.022	2326.271
"D01"	"D01d"	12	838.155767643622	1456.50523036389	0	500.989889059042	41	27	5.54872848008326	"TreeTrace_Douglas/logs_and_discs/color_images/discs/D01d.jpeg"	0.179565322632198	1466.546	2473.027
"D02"	"D02a"	0	2480.30176016337	3897.08180241393	1	601.106061385557	59	44.5	6.46439417680737	"TreeTrace_Douglas/logs_and_discs/color_images/discs/D02a.jpeg"	0.275818851004863	852.689	2845.366
"D02"	"D02b"	4	1294.65517415297	2010.64868284196	0	579.0810904166	52	39.6666666666667	5.08455086972725	"TreeTrace_Douglas/logs_and_discs/color_images/discs/D02b.jpeg"	0.199382075072934	1205.74	2613.912
"D02"	"D02c"	8	1096.36802405874	1715.98222590993	0	584.813883102503	49	36.25	5.08730979779675	"TreeTrace_Douglas/logs_and_discs/color_images/discs/D02c.jpeg"	0.226156746527137	1223.351	2459.609
"D02"	"D02d"	12	866.452826675778	1455.10666876187	0	554.18385020726	43	29.5	5.191372069036	"TreeTrace_Douglas/logs_and_discs/color_images/discs/D02d.jpeg"	0.196963919361396	1548.729	2260.86
"D03"	"D03a"	0	3542.12567549765	5973.63355894382	0	499.355009585458	59	47.25	7.49353896617979	"TreeTrace_Douglas/logs_and_discs/color_images/discs/D03a.jpeg"	0.343382066116157	1285.408	2322.078
"D03"	"D03b"	4	2257.60317385578	3303.14511702472	0	434.002484380073	49	34.75	6.80345442965445	"TreeTrace_Douglas/logs_and_discs/color_images/discs/D03b.jpeg"	0.245159809873664	1426.293	2311.176
"D03"	"D03c"	8	2183.94568202228	3366.37727141411	0	439.710858714623	46	32.25	6.9209126264062	"TreeTrace_Douglas/logs_and_discs/color_images/discs/D03c.jpeg"	0.249213482250019	1388.938	2051.116
"D03"	"D03d"	12	1457.89001046093	2456.1851471272	0	448.718052144012	41	28	7.01112844406597	"TreeTrace_Douglas/logs_and_discs/color_images/discs/D03d.jpeg"	0.229252005725798	1540.725	2569.373
"D04"	"D04a"	0	2093.59532990138	3235.79921117978	0	488.884982549876	62	47.5	6.06097070330173	"TreeTrace_Douglas/logs_and_discs/color_images/discs/D04a.jpeg"	0.2573035615959	1305.717	1910.499
"D04"	"D04b"	4	1075.51812264321	2129.05741096636	0	473.298240426676	50	33.5	5.48060327002421	"TreeTrace_Douglas/logs_and_discs/color_images/discs/D04b.jpeg"	0.204107125216456	1240.306	2093.314
"D04"	"D04c"	8	936.883345793871	1764.6836603473	0	491.373239370295	46	32	5.50334311888403	"TreeTrace_Douglas/logs_and_discs/color_images/discs/D04c.jpeg"	0.23203901968155	1225.211	2126.859
"D04"	"D04d"	12	724.890131541623	1415.21419228647	0	456.030961038678	41	28	5.34931588079025	"TreeTrace_Douglas/logs_and_discs/color_images/discs/D04d.jpeg"	0.216541520104148	1340.938	2125.181
"D05"	"D05a"	0	3299.34670909636	4895.54103142464	0	518.831713817908	58	42	7.32621887680414	"TreeTrace_Douglas/logs_and_discs/color_images/discs/D05a.jpeg"	0.288498377485125	1200.79	2473.291
"D05"	"D05b"	4	1708.96261110098	2728.506468561	0	485.822124809907	50	30.5	5.86953382975173	"TreeTrace_Douglas/logs_and_discs/color_images/discs/D05b.jpeg"	0.213759073003854	1487.592	2100.952
"D05"	"D05c"	8	1457.27573112706	2420.43112864907	0	481.541424260349	46	27.5	6.12347010891211	"TreeTrace_Douglas/logs_and_discs/color_images/discs/D05c.jpeg"	0.203945779790768	1356.77	2192.359
"D05"	"D05d"	12	1189.26994005955	1982.23672803108	0	504.960628241559	41	24.5	6.57972434856527	"TreeTrace_Douglas/logs_and_discs/color_images/discs/D05d.jpeg"	0.203322120796112	1431.406	2349.178
"D06"	"D06a"	0	3035.51851643808	4409.59340265872	0	546.762877521111	59	45.25	7.00993264811605	"TreeTrace_Douglas/logs_and_discs/color_images/discs/D06a.jpeg"	0.411147694119272	1574.807	2128.626
"D06"	"D06b"	4	1236.86515250768	1862.07946933613	0	522.374500902867	49	35.75	5.43892515896658	"TreeTrace_Douglas/logs_and_discs/color_images/discs/D06b.jpeg"	0.18999992400003	1501.017	2710.323
"D06"	"D06c"	8	1183.88479692176	1934.49802878722	0	497.946837375139	44	30.25	5.65476936436657	"TreeTrace_Douglas/logs_and_discs/color_images/discs/D06c.jpeg"	0.212198349436359	1354.261	2457.065
"D06"	"D06d"	12	997.751944754029	1674.34497233813	0	478.740359053755	38	25.25	6.16774492523621	"TreeTrace_Douglas/logs_and_discs/color_images/discs/D06d.jpeg"	0.177612322032453	1350.451	1856.06
"D07"	"D07a"	0	2333.18598942032	4840.73955886704	0	505.089600940664	54	40	7.70309368943952	"TreeTrace_Douglas/logs_and_discs/color_images/discs/D07a.jpeg"	0.525746876012063	1745.013	2529.384
"D07"	"D07b"	4	1178.75774867197	2412.43730465459	0	516.94318285491	44	28.5	6.65033086682915	"TreeTrace_Douglas/logs_and_discs/color_images/discs/D07b.jpeg"	0.211710468151124	1499.255	2197.967
"D07"	"D07c"	8	1004.81661709639	2190.39042326458	0	493.830264978396	39	24.5	6.95519953987996	"TreeTrace_Douglas/logs_and_discs/color_images/discs/D07c.jpeg"	0.193097759216363	1505.125	2268.409
"D07"	"D07d"	12	785.494459431872	1987.28625770502	0	502.998999526759	33	19	7.72624522094577	"TreeTrace_Douglas/logs_and_discs/color_images/discs/D07d.jpeg"	0.249573728072452	1306.935	1529.644
"D08"	"D08a"	0	1612.38911725536	2828.27950321119	0	516.826900006169	58	42.75	5.67582546321551	"TreeTrace_Douglas/logs_and_discs/color_images/discs/D08a.jpeg"	0.289090867041328	1250.749	1777.032
"D08"	"D08b"	4	972.79772160803	1697.185250458	0	550.489273236669	51	35.75	4.6375587380357	"TreeTrace_Douglas/logs_and_discs/color_images/discs/D08b.jpeg"	0.208188988967649	2012.579	1777.887
"D08"	"D08c"	8	776.273634453151	1328.20651676956	0	581.173536357951	46	31.5	4.93132078223008	"TreeTrace_Douglas/logs_and_discs/color_images/discs/D08c.jpeg"	0.22072092752231	1521.932	2172.631
"D08"	"D08d"	12	796.165382163496	1311.80770162709	1	493.98990514138	41	26.75	5.05443140183009	"TreeTrace_Douglas/logs_and_discs/color_images/discs/D08d.jpeg"	0.184465224246994	1048.121	2404.085
"D09"	"D09a"	0	1740.99074835031	2899.46725673055	0	534.113691575023	56	39.75	5.90838987773365	"TreeTrace_Douglas/logs_and_discs/color_images/discs/D09a.jpeg"	0.277980085506674	1486.71	2433.436
"D09"	"D09b"	4	1115.47114532539	1789.03627437986	0	572.217764205268	45	31.3333333333333	5.69775161548567	"TreeTrace_Douglas/logs_and_discs/color_images/discs/D09b.jpeg"	0.20212861645994	1232.597	1618.454
"D09"	"D09c"	8	952.868686158241	1678.84340576848	0	515.458641143486	39	23.5	6.04439435242331	"TreeTrace_Douglas/logs_and_discs/color_images/discs/D09c.jpeg"	0.205592105263158	1879.998	1610.068
"D09"	"D09d"	12	701.112764612579	1365.47267012959	0	490.537158863544	34	20.5	6.54258537216567	"TreeTrace_Douglas/logs_and_discs/color_images/discs/D09d.jpeg"	0.161250374100868	1599.444	2240.276
"D10"	"D10a"	0	2195.50505913812	2764.27285479777	0	553.585642624162	58	47.75	6.03098970526633	"TreeTrace_Douglas/logs_and_discs/color_images/discs/D10a.jpeg"	0.232629118465913	1736.136	1980.309
"D10"	"D10b"	4	1149.30331976597	1743.11829727406	0	558.555128882821	50	37.5	4.86981497561252	"TreeTrace_Douglas/logs_and_discs/color_images/discs/D10b.jpeg"	0.266500654525608	1474.037	1829.008
"D10"	"D10c"	8	941.07276056706	1421.75503513065	1	532.445029293426	46	32.75	4.9578939746738	"TreeTrace_Douglas/logs_and_discs/color_images/discs/D10c.jpeg"	0.200774185258356	1177.171	2015.178
"D10"	"D10d"	12	774.161605953792	1215.1801877844	0	532.260904281782	42	28.75	4.93536149103527	"TreeTrace_Douglas/logs_and_discs/color_images/discs/D10d.jpeg"	0.197148755833632	1007.702	1622.869
"D11"	"D11a"	0	1873.15371596987	3343.98285223962	0	532.087915273414	56	40.25	5.95309333314226	"TreeTrace_Douglas/logs_and_discs/color_images/discs/D11a.jpeg"	0.460405156537753	1494.722	1840.824
"D11"	"D11b"	4	1345.14066415206	1963.4724796282	0	533.710659562759	50	36	5.20211846374148	"TreeTrace_Douglas/logs_and_discs/color_images/discs/D11b.jpeg"	0.265897195635457	957.178	1823.213
"D11"	"D11c"	8	1221.14011396304	1890.1670479061	0	531.990110374698	47	32.3333333333333	5.30279228752794	"TreeTrace_Douglas/logs_and_discs/color_images/discs/D11c.jpeg"	0.234586714509845	1389.542	1386.584
"D11"	"D11d"	12	974.303864666793	1589.0872906989	0	525.970175239052	43	28	5.45677622185827	"TreeTrace_Douglas/logs_and_discs/color_images/discs/D11d.jpeg"	0.214142666984169	1472.023	2041.842
"D12"	"D12a"	0	1815.27026866276	2968.828918493	0	545.394725522146	60	46	5.55721640024392	"TreeTrace_Douglas/logs_and_discs/color_images/discs/D12a.jpeg"	0.229330026088584	1371.198	2295.007
"D12"	"D12b"	4	857.172300602213	1368.31644637638	0	555.092894748087	53	38.5	4.16751163924721	"TreeTrace_Douglas/logs_and_discs/color_images/discs/D12b.jpeg"	0.20257989548498	1328.429	2337.775
"D12"	"D12c"	8	720.840396647639	1191.20752604271	0	545.887474804089	49	34.5	4.3136670292784	"TreeTrace_Douglas/logs_and_discs/color_images/discs/D12c.jpeg"	0.179081042051094	1345.201	2424.151
"D12"	"D12d"	12	615.669020247528	1024.45884415011	0	533.684684715484	44	29	4.3870661889825	"TreeTrace_Douglas/logs_and_discs/color_images/discs/D12d.jpeg"	0.158298280817351	1173.597	2554.975
"D13"	"D13a"	0	2654.05958112235	4278.18378283176	0	519.311155168545	60	45	6.95006459182768	"TreeTrace_Douglas/logs_and_discs/color_images/discs/D13a.jpeg"	0.293319817156159	982.503	1632.173
"D13"	"D13b"	4	1746.5898991498	2862.17555679379	0	495.471561854251	48	30.25	6.1420472799171	"TreeTrace_Douglas/logs_and_discs/color_images/discs/D13b.jpeg"	0.236981650036874	1513.338	1575.987
"D13"	"D13c"	8	1257.0272672519	2217.29939104529	0	458.325871896158	44	27.25	6.25225868122823	"TreeTrace_Douglas/logs_and_discs/color_images/discs/D13c.jpeg"	0.20053277547789	1618.256	2251.982
"D13"	"D13d"	12	1089.03318910867	1915.24959473236	0	469.837976678646	39	22	6.80682116789688	"TreeTrace_Douglas/logs_and_discs/color_images/discs/D13d.jpeg"	0.21209105662916	1445.504	2141.286
